SWIR PFM TEST   Pixel #1023
      Band #4         Band #5         Band #6         Band #7         Band #8         Band #9      
   Wavlen  Norm    Wavlen  Norm    Wavlen  Norm    Wavlen  Norm    Wavlen  Norm    Wavlen  Norm
    (um)   Resp     (um)   Resp     (um)   Resp     (um)   Resp     (um)   Resp     (um)   Resp
   1.0000 0.0000   1.0000 0.0000   1.0000 0.0000   1.0000 0.0000   1.0000 0.0000   1.0000 0.0000
   1.0480 0.0000   1.0480 0.0000   1.0480 0.0000   1.0480 0.0000   1.0480 0.0000   1.0480 0.0000
   1.0960 0.0000   1.0960 0.0000   1.0960 0.0000   1.0960 0.0000   1.0960 0.0000   1.0960 0.0000
   1.1440 0.0000   1.1440 0.0000   1.1440 0.0000   1.1440 0.0000   1.1440 0.0000   1.1440 0.0000
   1.1920 0.0000   1.1920 0.0000   1.1920 0.0000   1.1920 0.0000   1.1920 0.0000   1.1920 0.0000
   1.2400 0.0000   1.2400 0.0000   1.2400 0.0000   1.2400 0.0000   1.2400 0.0000   1.2400 0.0000
   1.2880 0.0000   1.2880 0.0000   1.2880 0.0000   1.2880 0.0000   1.2880 0.0000   1.2880 0.0000
   1.3360 0.0000   1.3360 0.0000   1.3360 0.0000   1.3360 0.0000   1.3360 0.0000   1.3360 0.0000
   1.3840 0.0000   1.3840 0.0000   1.3840 0.0000   1.3840 0.0000   1.3840 0.0000   1.3840 0.0000
   1.4320 0.0000   1.4320 0.0000   1.4320 0.0000   1.4320 0.0000   1.4320 0.0000   1.4320 0.0000
   1.4800 0.0000   1.4800 0.0000   1.4800 0.0000   1.4800 0.0000   1.4800 0.0000   1.4800 0.0000
   1.5280 0.0000   1.5280 0.0000   1.5280 0.0000   1.5280 0.0000   1.5280 0.0000   1.5280 0.0000
   1.5700 0.0040   1.5760 0.0000   1.5760 0.0000   1.5760 0.0000   1.5760 0.0000   1.5760 0.0000
   1.5800 0.0080   1.6240 0.0000   1.6240 0.0000   1.6240 0.0000   1.6240 0.0000   1.6240 0.0000
   1.5900 0.0330   1.6720 0.0000   1.6720 0.0000   1.6720 0.0000   1.6720 0.0000   1.6720 0.0000
   1.5925 0.0450   1.7200 0.0000   1.7200 0.0000   1.7200 0.0000   1.7200 0.0000   1.7200 0.0000
   1.5950 0.0740   1.7680 0.0000   1.7680 0.0000   1.7680 0.0000   1.7680 0.0000   1.7680 0.0000
   1.5975 0.0990   1.8160 0.0000   1.8160 0.0000   1.8160 0.0000   1.8160 0.0000   1.8160 0.0000
   1.6000 0.1520   1.8640 0.0000   1.8640 0.0000   1.8640 0.0000   1.8640 0.0000   1.8640 0.0000
   1.6025 0.2140   1.9120 0.0000   1.9120 0.0000   1.9120 0.0000   1.9120 0.0000   1.9120 0.0000
   1.6050 0.3050   1.9600 0.0000   1.9600 0.0000   1.9600 0.0000   1.9600 0.0000   1.9600 0.0000
   1.6075 0.4200   2.0080 0.0000   2.0080 0.0000   2.0080 0.0000   2.0080 0.0000   2.0080 0.0000
   1.6100 0.5970   2.0560 0.0000   2.0560 0.0000   2.0560 0.0000   2.0560 0.0000   2.0560 0.0000
   1.6125 0.6750   2.1040 0.0000   2.1040 0.0000   2.1040 0.0000   2.1040 0.0000   2.1040 0.0000
   1.6150 0.7900   2.1200 0.0080   2.1500 0.0080   2.1520 0.0000   2.1520 0.0000   2.1520 0.0000
   1.6175 0.8270   2.1300 0.0200   2.1600 0.0160   2.2000 0.0000   2.2000 0.0000   2.2000 0.0000
   1.6200 0.8400   2.1325 0.0290   2.1700 0.0370   2.2100 0.0080   2.2480 0.0001   2.2480 0.0000
   1.6225 0.8480   2.1350 0.0410   2.1725 0.0490   2.2200 0.0250   2.2600 0.0120   2.2960 0.0001
   1.6250 0.9010   2.1375 0.0780   2.1750 0.0660   2.2225 0.0330   2.2700 0.0160   2.3200 0.0080
   1.6275 0.9050   2.1400 0.1310   2.1775 0.1070   2.2250 0.0490   2.2800 0.0450   2.3300 0.0120
   1.6300 0.9100   2.1425 0.2050   2.1800 0.1720   2.2275 0.0700   2.2825 0.0610   2.3400 0.0200
   1.6325 0.9140   2.1450 0.3030   2.1825 0.2540   2.2300 0.1150   2.2850 0.0820   2.3425 0.0290
   1.6350 0.9050   2.1475 0.5410   2.1850 0.3520   2.2325 0.1760   2.2875 0.1060   2.3450 0.0450
   1.6375 0.9260   2.1500 0.7050   2.1875 0.5000   2.2350 0.2500   2.2900 0.1390   2.3475 0.0650
   1.6400 0.9470   2.1525 0.7790   2.1900 0.6020   2.2375 0.3850   2.2925 0.2040   2.3500 0.0780
   1.6425 0.9670   2.1550 0.7910   2.1925 0.7420   2.2400 0.5080   2.2950 0.2860   2.3525 0.1100
   1.6450 0.9760   2.1575 0.8030   2.1950 0.7620   2.2425 0.6560   2.2975 0.4490   2.3550 0.1550
   1.6475 0.9840   2.1600 0.8220   2.1975 0.7790   2.2450 0.7950   2.3000 0.6040   2.3575 0.2290
   1.6500 0.9710   2.1625 0.8400   2.2000 0.8520   2.2475 0.8690   2.3025 0.7020   2.3600 0.3270
   1.6525 0.9790   2.1650 0.9180   2.2025 0.8690   2.2500 0.8480   2.3050 0.8330   2.3625 0.4240
   1.6550 0.9880   2.1675 0.9590   2.2050 0.8860   2.2525 0.9100   2.3075 0.9710   2.3650 0.5390
   1.6575 1.0000   2.1700 1.0000   2.2075 0.9020   2.2550 0.9100   2.3100 0.9880   2.3675 0.7270
   1.6600 0.9920   2.1725 0.9750   2.2100 0.9290   2.2575 0.9260   2.3125 0.9550   2.3700 0.7840
   1.6625 0.9840   2.1750 0.9020   2.2125 0.9550   2.2600 0.9260   2.3150 0.9800   2.3725 0.9060
   1.6650 0.9780   2.1775 0.7790   2.2150 0.9840   2.2625 0.9430   2.3175 0.9770   2.3750 0.9270
   1.6675 0.9710   2.1800 0.6890   2.2175 1.0000   2.2650 0.9590   2.3200 0.9750   2.3775 0.8980
   1.6700 0.9470   2.1825 0.5900   2.2200 0.9340   2.2675 0.9750   2.3225 0.9720   2.3800 0.9000
   1.6725 0.9510   2.1850 0.4180   2.2225 0.8200   2.2700 0.9750   2.3250 0.9700   2.3825 0.9010
   1.6750 0.9450   2.1875 0.3030   2.2250 0.7540   2.2725 1.0000   2.3275 0.9670   2.3850 0.9030
   1.6775 0.9380   2.1900 0.2300   2.2275 0.5160   2.2750 0.9590   2.3300 0.9470   2.3875 0.9040
   1.6800 0.9340   2.1925 0.1720   2.2300 0.3280   2.2775 0.8690   2.3325 0.9620   2.3900 0.9060
   1.6825 0.9300   2.1950 0.1070   2.2325 0.2380   2.2800 0.7990   2.3350 0.9770   2.3925 0.9310
   1.6850 0.9360   2.1975 0.0700   2.2350 0.1640   2.2825 0.7050   2.3375 0.9920   2.3950 0.9270
   1.6875 0.9420   2.2000 0.0610   2.2375 0.1070   2.2850 0.6230   2.3400 1.0000   2.3975 0.9220
   1.6900 0.9140   2.2025 0.0498   2.2400 0.0570   2.2875 0.5000   2.3425 0.9800   2.4000 0.9610
   1.6925 0.8970   2.2050 0.0385   2.2425 0.0468   2.2900 0.3930   2.3450 0.9960   2.4025 1.0000
   1.6950 0.7980   2.2075 0.0273   2.2450 0.0365   2.2925 0.3030   2.3475 0.9920   2.4050 0.9800
   1.6975 0.7000   2.2100 0.0160   2.2475 0.0263   2.2950 0.2420   2.3500 0.9960   2.4075 0.9590
   1.7000 0.5970   2.2125 0.0140   2.2500 0.0160   2.2975 0.1760   2.3525 0.9550   2.4100 0.9270
   1.7025 0.4610   2.2150 0.0120   2.2525 0.0140   2.3000 0.1270   2.3550 0.9630   2.4125 0.8940
   1.7050 0.3700   2.2175 0.0100   2.2550 0.0120   2.3025 0.1060   2.3575 0.9060   2.4150 0.8690
   1.7075 0.2630   2.2200 0.0080   2.2575 0.0100   2.3050 0.0840   2.3600 0.8370   2.4175 0.8330
   1.7100 0.1730   2.2225 0.0070   2.2600 0.0080   2.3075 0.0625   2.3625 0.7840   2.4200 0.8160
   1.7200 0.0450   2.2250 0.0060   2.2625 0.0070   2.3100 0.0410   2.3650 0.7020   2.4225 0.7670
   1.7300 0.0160   2.2275 0.0050   2.2650 0.0060   2.3125 0.0370   2.3675 0.5800   2.4250 0.7020
   1.7400 0.0040   2.2300 0.0040   2.2675 0.0050   2.3150 0.0330   2.3700 0.4410   2.4275 0.6610
   1.7500 0.0010   2.2345 0.0037   2.2700 0.0040   2.3175 0.0290   2.3725 0.3430   2.4300 0.5630
   1.7680 0.0002   2.2390 0.0033   2.2765 0.0030   2.3200 0.0250   2.3750 0.2780   2.4325 0.4240
   1.8160 0.0000   2.2435 0.0030   2.2830 0.0021   2.3260 0.0209   2.3775 0.2200   2.4350 0.3430
   1.8640 0.0000   2.2480 0.0027   2.2895 0.0012   2.3320 0.0168   2.3800 0.1670   2.4375 0.2610
   1.9120 0.0000   2.2600 0.0020   2.2960 0.0002   2.3380 0.0127   2.3900 0.0570   2.4400 0.1920
   1.9600 0.0000   2.2720 0.0013   2.3440 0.0000   2.3440 0.0086   2.4000 0.0200   2.4500 0.0490
   2.0080 0.0000   2.2840 0.0007   2.3920 0.0000   2.3560 0.0065   2.4100 0.0120   2.4600 0.0160
   2.0560 0.0000   2.2960 0.0000   2.4400 0.0000   2.3680 0.0044   2.4200 0.0080   2.4700 0.0080
   2.1040 0.0000   2.3440 0.0000   2.4880 0.0000   2.3800 0.0022   2.4300 0.0040   2.4800 0.0040
   2.1520 0.0000   2.3920 0.0000   2.5360 0.0000   2.3920 0.0001   2.4400 0.0012   2.4880 0.0088
   2.2000 0.0000   2.4400 0.0000   2.5840 0.0000   2.4400 0.0000   2.4880 0.0001   2.5360 0.0001
   2.2480 0.0000   2.4880 0.0000   2.6320 0.0000   2.4880 0.0000   2.5360 0.0000   2.5840 0.0000
   2.2960 0.0000   2.5360 0.0000   2.6800 0.0000   2.5360 0.0000   2.5840 0.0000   2.6320 0.0000
   2.3440 0.0000   2.5840 0.0000   2.7280 0.0000   2.5840 0.0000   2.6320 0.0000   2.6800 0.0000
   2.3920 0.0000   2.6320 0.0000   2.7760 0.0000   2.6320 0.0000   2.6800 0.0000   2.7280 0.0000
   2.4400 0.0000   2.6800 0.0000   2.8240 0.0000   2.6800 0.0000   2.7280 0.0000   2.7760 0.0000
   2.4880 0.0000   2.7280 0.0000   2.8720 0.0000   2.7280 0.0000   2.7760 0.0000   2.8240 0.0000
   2.5360 0.0000   2.7760 0.0000   2.9200 0.0000   2.7760 0.0000   2.8240 0.0000   2.8720 0.0000
   2.5840 0.0000   2.8240 0.0000   2.9680 0.0000   2.8240 0.0000   2.8720 0.0000   2.9200 0.0000
   2.6320 0.0000   2.8720 0.0000   3.0160 0.0000   2.8720 0.0000   2.9200 0.0000   2.9680 0.0000
   2.6800 0.0000   2.9200 0.0000   3.0640 0.0000   2.9200 0.0000   2.9680 0.0000   3.0160 0.0000
   2.7280 0.0000   2.9680 0.0000   3.1120 0.0001   2.9680 0.0000   3.0160 0.0000   3.0640 0.0000
   2.7760 0.0000   3.0160 0.0000   3.1600 0.0001   3.0160 0.0000   3.0640 0.0001   3.1120 0.0001
   2.8240 0.0000   3.0640 0.0000   3.2080 0.0000   3.0640 0.0000   3.1120 0.0001   3.1600 0.0002
   2.8720 0.0000   3.1120 0.0000   3.2560 0.0000   3.1120 0.0000   3.1600 0.0001   3.2080 0.0002
   2.9200 0.0000   3.1600 0.0000   3.3040 0.0000   3.1600 0.0000   3.2080 0.0002   3.2560 0.0007
   2.9680 0.0000   3.2080 0.0000   3.3520 0.0000   3.2080 0.0000   3.2560 0.0002   3.3040 0.0010
   3.0160 0.0000   3.2560 0.0000   3.4000 0.0000   3.2560 0.0000   3.3040 0.0015   3.3520 0.0000
   3.0640 0.0000   3.3040 0.0000   3.4480 0.0000   3.3040 0.0000   3.3520 0.0000   3.4000 0.0000
   3.1120 0.0000   3.3520 0.0000   3.4960 0.0000   3.3520 0.0000   3.4000 0.0000   3.4480 0.0000
   3.1600 0.0000   3.4000 0.0000   3.5440 0.0000   3.4000 0.0000   3.4480 0.0000   3.4960 0.0000
   3.2080 0.0000   3.4480 0.0000   3.5920 0.0000   3.4480 0.0000   3.4960 0.0000   3.5440 0.0000
   3.2560 0.0000   3.4960 0.0000   3.6400 0.0000   3.4960 0.0000   3.5440 0.0000   3.5920 0.0000
   3.3040 0.0000   3.5440 0.0000   3.6880 0.0000   3.5440 0.0000   3.5920 0.0000   3.6400 0.0000
   3.3520 0.0000   3.5920 0.0000   3.7360 0.0000   3.5920 0.0000   3.6400 0.0000   3.6880 0.0000
   3.4000 0.0000   3.6400 0.0000   3.7840 0.0000   3.6400 0.0000   3.6880 0.0000   3.7360 0.0000
   3.4480 0.0000   3.6880 0.0000   3.8320 0.0000   3.6880 0.0000   3.7360 0.0000   3.7840 0.0000
   3.4960 0.0000   3.7360 0.0000   3.8800 0.0000   3.7360 0.0000   3.7840 0.0000   3.8320 0.0000
   3.5440 0.0000   3.7840 0.0000   3.9280 0.0000   3.7840 0.0000   3.8320 0.0000   3.8800 0.0000
   3.5920 0.0000   3.8320 0.0000   3.9760 0.0000   3.8320 0.0000   3.8800 0.0000   3.9280 0.0000
   3.6400 0.0000   3.8800 0.0000   4.0240 0.0000   3.8800 0.0000   3.9280 0.0000   3.9760 0.0000
   3.6880 0.0000   3.9280 0.0000   4.0720 0.0000   3.9280 0.0000   3.9760 0.0000   4.0240 0.0000
   3.7360 0.0000   3.9760 0.0000   4.1200 0.0000   3.9760 0.0000   4.0240 0.0000   4.0720 0.0000
   3.7840 0.0000   4.0240 0.0000   4.1680 0.0000   4.0240 0.0000   4.0720 0.0000   4.1200 0.0000
   3.8320 0.0000   4.0720 0.0000   4.2160 0.0000   4.0720 0.0000   4.1200 0.0000   4.1680 0.0000
   3.8800 0.0000   4.1200 0.0000   4.2640 0.0000   4.1200 0.0000   4.1680 0.0000   4.2160 0.0000
   3.9280 0.0000   4.1680 0.0000   4.3120 0.0000   4.1680 0.0000   4.2160 0.0000   4.2640 0.0000
   3.9760 0.0000   4.2160 0.0000   4.3600 0.0000   4.2160 0.0000   4.2640 0.0000   4.3120 0.0000
   4.0240 0.0000   4.2640 0.0000   4.4080 0.0000   4.2640 0.0000   4.3120 0.0000   4.3600 0.0000
   4.0720 0.0000   4.3120 0.0000   4.4560 0.0000   4.3120 0.0000   4.3600 0.0000   4.4080 0.0000
   4.1200 0.0000   4.3600 0.0000   4.5040 0.0000   4.3600 0.0000   4.4080 0.0000   4.4560 0.0000
   4.1680 0.0000   4.4080 0.0000   4.5520 0.0000   4.4080 0.0000   4.4560 0.0000   4.5040 0.0000
   4.2160 0.0000   4.4560 0.0000   4.6000 0.0000   4.4560 0.0000   4.5040 0.0000   4.5520 0.0000
   4.2640 0.0000   4.5040 0.0000   4.6480 0.0000   4.5040 0.0000   4.5520 0.0000   4.6000 0.0000
   4.3120 0.0000   4.5520 0.0000   4.6960 0.0000   4.5520 0.0000   4.6000 0.0000   4.6480 0.0000
   4.3600 0.0000   4.6000 0.0000   4.7440 0.0000   4.6000 0.0000   4.6480 0.0000   4.6960 0.0000
   4.4080 0.0000   4.6480 0.0000   4.7920 0.0000   4.6480 0.0000   4.6960 0.0000   4.7440 0.0000
   4.4560 0.0000   4.6960 0.0000   4.8400 0.0000   4.6960 0.0000   4.7440 0.0000   4.7920 0.0000
   4.5040 0.0000   4.7440 0.0000   4.8880 0.0000   4.7440 0.0000   4.7920 0.0000   4.8400 0.0000
   4.5520 0.0000   4.7920 0.0000   4.9360 0.0000   4.7920 0.0000   4.8400 0.0000   4.8880 0.0000
   4.6000 0.0000   4.8400 0.0000   4.9840 0.0000   4.8400 0.0000   4.8880 0.0000   4.9360 0.0000
   4.6480 0.0000   4.8880 0.0000   5.0320 0.0000   4.8880 0.0000   4.9360 0.0000   4.9840 0.0000
   4.6960 0.0000   4.9360 0.0000   5.0800 0.0000   4.9360 0.0000   4.9840 0.0000   5.0320 0.0000
   4.7440 0.0000   4.9840 0.0000   5.1280 0.0000   4.9840 0.0000   5.0320 0.0000   5.0800 0.0000
   4.7920 0.0000   5.0320 0.0000   5.1760 0.0000   5.0320 0.0000   5.0800 0.0000   5.1280 0.0000
   4.8400 0.0000   5.0800 0.0000   5.2240 0.0000   5.0800 0.0000   5.1280 0.0000   5.1760 0.0000
   4.8880 0.0000   5.1280 0.0000   5.2720 0.0000   5.1280 0.0000   5.1760 0.0000   5.2240 0.0000
   4.9360 0.0000   5.1760 0.0000   5.3200 0.0000   5.1760 0.0000   5.2240 0.0000   5.2720 0.0000
   4.9840 0.0000   5.2240 0.0000   5.3680 0.0000   5.2240 0.0000   5.2720 0.0000   5.3200 0.0000
   5.0320 0.0000   5.2720 0.0000   5.4160 0.0000   5.2720 0.0000   5.3200 0.0000   5.3680 0.0000
   5.0800 0.0000   5.3200 0.0000   5.4640 0.0000   5.3200 0.0000   5.3680 0.0000   5.4160 0.0000
   5.1280 0.0000   5.3680 0.0000   5.5120 0.0000   5.3680 0.0000   5.4160 0.0000   5.4640 0.0000
   5.1760 0.0000   5.4160 0.0000   5.4160 0.0000   5.4640 0.0000   5.5120 0.0000   5.5000 0.0000
   5.2240 0.0000   5.4640 0.0000   5.4640 0.0000   5.5120 0.0000   5.5200 0.0000   5.5200 0.0000
   5.2720 0.0000   5.5120 0.0000   5.5120 0.0000   5.5300 0.0000   5.5300 0.0000   5.5300 0.0000
   5.3200 0.0000   5.5400 0.0000   5.5400 0.0000   5.5400 0.0000   5.5400 0.0000   5.5400 0.0000
   5.3680 0.0000   5.5500 0.0000   5.5500 0.0000   5.5500 0.0000   5.5500 0.0000   5.5500 0.0000
   5.4160 0.0000   5.5600 0.0000   5.5600 0.0000   5.5600 0.0000   5.5600 0.0000   5.5600 0.0000
   5.4640 0.0000   5.5700 0.0000   5.5700 0.0000   5.5700 0.0000   5.5700 0.0000   5.5700 0.0000
   5.5120 0.0000   5.5800 0.0000   5.5800 0.0000   5.5800 0.0000   5.5800 0.0000   5.5800 0.0000
